INDEX TESTIUM 247

(Fnsrms) (FEsws)

 

 

p. 394 Th. (282 M.) 1 A 69 p. 538Th.(356 M.) 11 V 28
396 (285) 1 A 481 538 (356) 25 Se 430
400 (286) 12 A 475 2 538 (356) 34 A 230
400 (286) 19 A 356 540 (356) 3 A 231
400 (286) 22 A 503 540 (356) 4 V 27
400 (286) 28 A 523 540 (356) 13 A 134
400 (286) 31 A 143 546, 2 (359, 25) A 521
400 (286) 33 A 524 . 548,5 (360, 7) Sc 416
402 (286) 1 A 525 548, 24 (360, 26) Se 51
402 (286)15 A 178 55 68 549 ἱ 550, 22 (363, 23) A 479

Sc 407 550, 24 (363, 25) A 480

424 (298) 7 A 525 570 (375) 8 A 422
424 (298) 30 Α 182 570 (375) 22 V 25
424 (298) 32 Se 111 570, 27 (375, 28) A 353
426 (298) 3 A 98 570, 29 (375, 30) Se 117
426 (298) 4 A 131 574 (376) 2 A 535
426 (298) 33 A 150
428 (301) 1 A 455 PAULUS
428 (301) 12 A 22 p. 3, 25 Th. (4, 3 Μ.)Α 598
428 (301) 14 A 151 4, 2 (4, 13) A 605
428 (301) 15 -A 256 ’ 5, 6 (6, 11) A 588
428 (301) 17 A 356 16, 36 (22, 11) A 162
428 (301) 20 ¹ A 149 25, 17 (35, 3) cf. ad A 1 fr. m
430 (301) 11 Sc 406 25, 21 (35, 5) A 496
430 (301) 15 A 590 37, 24 (53, 7) A 505
434 (302) 31 A 494 41, 5 (58, 9) A 293
436 (305) 23 Sc 10 41, 23 (59, 3) Ι 35
438 (305) 19 A 286 41, 25 (59, 4) V 26
442 (306) 16 Se 345 v 41, 27 (59, 5) Sa 66
444 (309) 3 Sa 65 43, 37(62, 10) Ι 33 cf. Sc 297
454 (313) 30 A 178 44, 2 (62,12) Ι 34
456 (314) 20 Ι 40 48, 7 (68, 6) 146
460 (317) 13 A 105 66, 37 (94, 6) A 532
460 (317) 14 Sc 50 79, 29 (111, 11) A 326 Ι 36
470 (321) 3 A 533 83, 16(116, 16) A 530
476 (325) 10 cf: A 214 87, 9 (121,11) A 584
476 (325) 19 A 101 88, 31 (123, 12) Sc 407
476 (325) 22 A 218 2 88, 34 (123, 14) A 298
476 (325) 28 A,430 ‚ 125,9 (144, 7) Sc 331
484 (329) 17 Se 18 ³ 127, 6 (144,14) A 182
486 (329) 27 Se 330 1 127, 7 (144,14) A 446
488 (330) 32 A 438 , 131,11(147,11) A 297 Ι 5
490 (330) 11 Sa 70 161,14(163,12) Sc 139
490 (330) 19 A 510 189, 6 (176, 3) A 341
490 (330) 31 A 421 ι 193, 13 (179, 7) A 297
492 (333) 6 A 128 ξ 285, 8 (228, 6) A 156
492 (333) 7 A 429 285, 14 (228, 10) A 428
494 (333) 12 Se 115 315, 12(243, 11) Sc 16
504 (339) 9 Sc 216 ¹ 325, 5 (248, 3) A 221
510 (343) 21 A 532 ἑ 341,11 (256, 7) A 259
510 (343) 30 A 440 347, 4 (259, 10) A 145 Sc 129 120
528 (351)6 Ι 38 ' 353,1 (263,1) A 589
530 (352) 27 A 135 j 393, 12 (283, 7) A 69
532 (352) 2 Sc 20 i 395, 7 (283,12) A 481
532 (352) 17 Sc 428 · 425, 1 (299,1) A 525
534 (355) 34 A 121 429, 7 (300, 5) A 22 1

 

